modctrl,44,48,00328C95,0,1,1,4294967295,0,0
mmicon,16,16,0038FC8D,0,1,1,4294967295,0,1
modscroll,200,64,00332667,0,1,1,4294967295,0,0
modtoggle,256,160,0004C7C2,0,1,1,4294967295,0,0
mmlegends,200,216,0006EF76,0,1,1,4294967295,0,0
modscrolldown,200,176,00180F42,0,1,1,4294967295,0,0
modbar,200,88,001959FF,0,1,1,4294967295,0,0
runespawner,64,8,00209A69,0,1,1,4294967295,0,0
modfolder,292,180,001200CD,0,1,1,4294967295,0,0
moddesc,228,76,00335780,0,1,1,4294967295,0,0
modtyper,228,52,003ACC02,0,1,1,4294967295,0,0
segafadein,48,8,00013C0D,0,1,1,4294967295,0,0
