mmctrl,56,8,001E4CC8,0,1,1,4294967295,0,0
mmicon,248,184,003B9A32,0,1,1,4294967295,0,1
mmicon,248,136,0040202B,0,1,1,4294967295,0,1
mmicon,304,96,001F1A2C,0,1,1,4294967295,0,1
mmicon,416,56,002F0D11,0,1,1,4294967295,0,1
mmicon,184,96,0001F71E,0,1,1,4294967295,0,1
mmicon,72,56,003BFB65,0,1,1,4294967295,0,1
mmicon,248,80,0015E46F,0,1,1,4294967295,0,1
mmicon,168,136,001591CE,0,1,1,4294967295,0,1
mmicon,328,136,0031A67E,0,1,1,4294967295,0,1
mmicon,304,168,0038B0D3,0,1,1,4294967295,0,1
mmicon,184,168,0018A389,0,1,1,4294967295,0,1
mmlegends,248,264,002315D0,0,1,1,4294967295,0,0
runespawner,88,8,0014AA85,0,1,1,4294967295,0,0
segafadein,72,8,002C5325,0,1,1,4294967295,0,0
