editmanager,4,90,00346416,0,1,1,4294967295,0,0
regionbutton,654,10,0026ED25,0,1,1,4294967295,0,1
menubutton,6,10,002B7272,0,1,1,4294967295,0,1
menubutton,6,50,003FB5BB,0,1,1,4294967295,0,1
gridtoggle,302,50,0020DFC0,0,1,1,4294967295,0,0
toolbutton,180,50,002DF13C,0,1,1,4294967295,0,1
toolbutton,220,50,00197542,0,1,1,4294967295,0,1
editzoom,342,50,002A0FB3,0,1,1,4294967295,0,0
hotbar,389,500,0005EAEA,0,1,1,4294967295,0,0
toolbutton,262,50,002D17C5,0,1,1,4294967295,0,1
regionbutton,474,10,0023749D,0,1,1,4294967295,0,1
regionbutton,504,10,0023E7D8,0,1,1,4294967295,0,1
regionbutton,534,10,0015C998,0,1,1,4294967295,0,1
regionbutton,684,10,0001D209,0,1,1,4294967295,0,1
regionbutton,624,10,003E270B,0,1,1,4294967295,0,1
regionbutton,594,10,0008E139,0,1,1,4294967295,0,1
regionbutton,564,10,002F3CBF,0,1,1,4294967295,0,1
toolbutton,220,10,001AB57D,0,1,1,4294967295,0,1
menubutton,46,50,0021CB36,0,1,1,4294967295,0,1
toolbutton,382,10,003E7269,0,1,1,4294967295,0,1
menubutton,302,10,002E6371,0,1,1,4294967295,0,1
menubutton,262,10,0024A4E5,0,1,1,4294967295,0,1
menubutton,342,10,000021D8,0,1,1,4294967295,0,1
biomesetter,554,50,003828FF,0,1,1,4294967295,0,1
biomesetter,474,50,0036A451,0,1,1,4294967295,0,1
biomesetter,514,50,0017EF6F,0,1,1,4294967295,0,1
percentbar,594,50,000BA60C,0,1,1,4294967295,0,0
menubutton,764,50,001C39A4,0,1,1,4294967295,0,1
menubutton,634,50,000B9A3B,0,1,1,4294967295,0,1
menubutton,724,10,00146BB1,0,1,1,4294967295,0,1
quicksavebutton,86,10,00106949,0,1,1,4294967295,0,0
menubutton,86,50,003D758F,0,1,1,4294967295,0,1
bollebutton,764,10,0022FCBE,0,1,1,4294967295,0,0
quickloadbutton,46,10,0010B08E,0,1,1,4294967295,0,0
toolbutton,180,10,002EC28C,0,1,1,4294967295,0,1
lemontab,352,550,0037A7A9,0,1,1,4294967295,0,1
lemontab,469,550,0021B79F,0,1,1,4294967295,0,1
lemontab,586,550,0030586E,0,1,1,4294967295,0,1
lemontab,235,550,0013DEF8,0,1,1,4294967295,0,1
lemontab,118,550,000BFCBC,0,1,1,4294967295,0,1
menubutton,422,10,0022801F,0,1,1,4294967295,0,1
menubutton,724,50,00230C5A,0,1,1,4294967295,0,1
menubutton,674,50,002502EA,0,1,1,4294967295,0,1
menubutton,126,10,001E78D6,0,1,1,4294967295,0,1
menubutton,126,50,003E8765,0,1,1,4294967295,0,1
