biosctrl,64,52,000391A0,0,1,1,4294967295,0,0
mmicon,16,16,0038FC8D,0,1,1,4294967295,0,1
trophyleft,148,188,00353C11,0,1,1,4294967295,0,0
trophyright,180,188,000F994D,0,1,1,4294967295,0,0
mmlegends,200,216,0006EF76,0,1,1,4294967295,0,0
runespawner,64,8,00209A69,0,1,1,4294967295,0,0
trophy3d,116,108,0035513C,0,1,1,4294967295,0,0
trophyname,200,28,0034F5AE,0,1,1,4294967295,0,0
trophytext,204,56,0001B1E2,0,1,1,4294967295,0,0
trophygames,204,176,003B82F7,0,1,1,4294967295,0,0
segafadein,48,8,00013C0D,0,1,1,4294967295,0,0
