replayback,288,88,0022179F,0,1,1,4294967295,0,0
replayctrl,100,48,00039B43,0,1,1,4294967295,0,0
mmicon,16,16,0036F3BA,0,1,1,4294967295,0,1
replaybomber,288,88,00237D25,0,1,1,4294967295,0,0
replayscroll,256,64,00046997,0,1,1,4294967295,0,0
replaydel,288,152,00281251,0,1,1,4294967295,0,0
replayscrolldown,256,176,0026E4FD,0,1,1,4294967295,0,0
replayplay,288,120,0022E47C,0,1,1,4294967295,0,0
mmlegends,200,216,0024FED0,0,1,1,4294967295,0,0
replaybar,256,88,002CC84B,0,1,1,4294967295,0,0
replaybox,400,32,0021F092,0,1,1,4294967295,0,0
runespawner,64,80,0010288D,0,1,1,4294967295,0,0
segafadein,48,80,00095DE7,0,1,1,4294967295,0,0
