rostergo,248,304,001E634C,0,1,1,4294967295,0,0
rosterbox,210,488,003EA39B,0,1,1,4294967295,0,1
rosterbox,290,488,00011189,0,1,1,4294967295,0,1
rosterbox,364,488,0009746F,0,1,1,4294967295,0,1
rosterbox,136,488,003A6D85,0,1,1,4294967295,0,1
rosterbox,84,488,00048F93,0,1,1,4294967295,0,1
rosterbox,418,488,003B0FD9,0,1,1,4294967295,0,1
rosterbox,32,488,003E6947,0,1,1,4294967295,0,1
rosterbox,472,488,002A88C3,0,1,1,4294967295,0,1
rosterctrl,40,288,00167094,0,1,1,4294967295,0,0
rosterrandom,384,240,0027888D,0,1,1,4294967295,0,0
cogcontest,80,36,00298C48,0,1,1,4294967295,0,1
cogmirror,216,36,00163ECC,0,1,1,4294967295,0,0
cogcontest,80,56,003F1BBB,0,1,1,4294967295,0,1
cograndblock,216,56,000D48B3,0,1,1,4294967295,0,0
cogcontest,80,76,00279750,0,1,1,4294967295,0,1
cogcontest,80,96,0026A5B2,0,1,1,4294967295,0,1
cogcontest,80,116,00030C85,0,1,1,4294967295,0,1
cogcontest,80,136,000FFE3B,0,1,1,4294967295,0,1
cogcontest,80,156,000E15C7,0,1,1,4294967295,0,1
cogcontest,80,176,002CBAD7,0,1,1,4294967295,0,1
cogcontest,80,196,001FCB5B,0,1,1,4294967295,0,1
rostercogback,364,204,0010BBDF,0,1,1,4294967295,0,0
mmicon,16,300,002BC593,0,1,1,4294967295,0,1
cogratchet,216,76,002A4A9A,0,1,1,4294967295,0,0
rosteroptions,250,292,002ED5C6,0,1,1,4294967295,0,0
rosterscroll,24,380,0016244D,0,1,1,4294967295,0,0
coginflives,216,96,0029EA5A,0,1,1,4294967295,0,0
rostergm,250,548,000A7FAF,0,1,1,4294967295,0,0
mmlegends,198,204,003FC2D5,0,1,1,4294967295,0,0
rosterscrolldown,480,380,003213C6,0,1,1,4294967295,0,0
runespawner,84,288,00266B29,0,1,1,4294967295,0,0
rosternocpu,225,538,001F9B4C,0,1,1,4294967295,0,1
rostercpu,183,527,00026A7D,0,1,1,4294967295,0,1
rostercpu,263,527,00232A0C,0,1,1,4294967295,0,1
rosternocpu,305,538,003FA27A,0,1,1,4294967295,0,1
rostercpu,109,527,003A7399,0,1,1,4294967295,0,1
rosternocpu,151,538,001AA037,0,1,1,4294967295,0,1
rostercpu,337,527,0029B99A,0,1,1,4294967295,0,1
rosternocpu,379,538,001EA3EA,0,1,1,4294967295,0,1
segafadein,62,288,002AEAEE,0,1,1,4294967295,0,0
