specialectrl,22,80,0009B235,0,1,1,4294967295,0,0
specialepal,37,649,003D3ACC,0,1,1,4294967295,0,0
specialepal,187,649,000D8173,0,1,1,4294967295,0,0
specialepal,87,649,001D53E8,0,1,1,4294967295,0,0
specialepal,137,649,0012EB79,0,1,1,4294967295,0,0
specialepal,237,649,0036A2D6,0,1,1,4294967295,0,0
specialepal,287,649,00163E93,0,1,1,4294967295,0,0
specialepal,337,649,00080D2F,0,1,1,4294967295,0,0
specialepal,387,649,00140245,0,1,1,4294967295,0,0
specialepal,437,649,003B46A6,0,1,1,4294967295,0,0
specialepal,487,649,003264D8,0,1,1,4294967295,0,0
specialepal,537,649,0019977C,0,1,1,4294967295,0,0
specialepal,587,649,00257D41,0,1,1,4294967295,0,0
specialepal,637,649,0011BAC0,0,1,1,4294967295,0,0
specialepal,687,649,00339340,0,1,1,4294967295,0,0
specialepal,737,649,00091B25,0,1,1,4294967295,0,0
specialepal,787,649,00246149,0,1,1,4294967295,0,0
specialepal,837,649,00234BEC,0,1,1,4294967295,0,0
specialepal,887,649,0008D7AB,0,1,1,4294967295,0,0
specialepal,937,649,00212B37,0,1,1,4294967295,0,0
specialepal,987,649,000CF5A6,0,1,1,4294967295,0,0
specialemenu,12,10,003A73A4,0,1,1,4294967295,0,1
specialemenu,52,10,002A6E07,0,1,1,4294967295,0,1
specialemenu,92,10,0032FCB7,0,1,1,4294967295,0,1
specialemenu,132,10,000CC724,0,1,1,4294967295,0,1
specialemenu,1030,10,00192AB7,0,1,1,4294967295,0,1
specialecheck,202,10,00308474,0,1,1,4294967295,0,1
specialecheck,262,10,002CC14C,0,1,1,4294967295,0,1
specialecheck,322,10,003AD6F8,0,1,1,4294967295,0,1
specialetime,408,10,00100CD4,0,1,1,4294967295,0,0
specialepal,1037,649,0031287F,0,1,1,4294967295,0,0
